1.38417E-7
1.4958E-7
2.97755E-7
2.55468E-7
2.34808E-7
2.12886E-7
1.93223E-7
1.86776E-7
1.76416E-7
1.72506E-7
1.75895E-7
1.78999E-7
1.77524E-7
1.78274E-7
1.82117E-7
1.83904E-7
1.88678E-7
1.86392E-7
1.92228E-7
1.95896E-7
2.01575E-7
1.98501E-7
2.03899E-7
2.04732E-7
2.05257E-7
2.10756E-7
2.09515E-7
2.14381E-7
2.13912E-7
2.15053E-7
2.2093E-7
2.24274E-7
2.25856E-7
2.30863E-7
2.27768E-7
2.30723E-7
2.29209E-7
2.40679E-7
2.39856E-7
2.35253E-7
2.44721E-7
2.43421E-7
2.44346E-7
2.49315E-7
2.50039E-7
2.51136E-7
2.53826E-7
2.60289E-7
2.64756E-7
2.62684E-7
2.75968E-7
2.70956E-7
2.76946E-7
2.7962E-7
2.78966E-7
2.87075E-7
2.87735E-7
2.84592E-7
3.96294E-7
2.94735E-7
2.9762E-7
3.077E-7
3.06558E-7
3.10117E-7
3.10497E-7
3.13562E-7
3.2107E-7
3.23946E-7
3.31258E-7
3.28343E-7
3.38734E-7
3.39341E-7
3.43691E-7
3.47261E-7
3.4802E-7
3.50236E-7
3.54044E-7
3.58311E-7
3.67696E-7
3.69269E-7
3.67635E-7
3.74444E-7
3.81645E-7
3.83956E-7
3.83769E-7
3.91449E-7
3.91461E-7
3.98782E-7
4.01515E-7
4.04682E-7
4.06591E-7
4.095E-7
4.21557E-7
4.20419E-7
4.22278E-7
4.3155E-7
4.28911E-7
4.37421E-7
4.41303E-7
4.44802E-7
4.47927E-7