2.06498E-8
2.74734E-8
2.37353E-8
1.63506E-8
2.15832E-8
3.32518E-8
5.53247E-8
7.29008E-8
8.85678E-8
9.52301E-8
9.88846E-8
1.00779E-7
8.9458E-8
7.92064E-8
7.96865E-8
7.91681E-8
7.45007E-8
7.08229E-8
7.0805E-8
7.12098E-8
7.15629E-8
7.34072E-8
7.64712E-8
7.0145E-8
7.61188E-8
8.42085E-8
7.95621E-8
7.73627E-8
8.31229E-8
8.24E-8
8.99164E-8
8.71858E-8
8.77192E-8
9.07529E-8
9.22862E-8
9.19711E-8
9.48625E-8
9.44645E-8
9.64575E-8
9.93516E-8
1.02217E-7
1.02584E-7
1.03182E-7
1.03531E-7
1.04059E-7
1.06721E-7
1.04079E-7
1.09026E-7
1.08486E-7
1.1304E-7
1.09933E-7
1.10366E-7
1.14449E-7
1.12428E-7
1.14216E-7
1.11298E-7
1.15434E-7
1.13812E-7
1.15393E-7
1.18611E-7
1.21543E-7
1.22629E-7
1.20951E-7
1.2368E-7
1.22317E-7
1.18882E-7
1.2372E-7
1.22395E-7
1.25305E-7
1.27705E-7
1.25988E-7
1.26775E-7
1.26077E-7
1.29746E-7
1.27186E-7
1.27945E-7
1.28044E-7
1.27597E-7
1.27068E-7
1.247E-7
1.31299E-7
1.30484E-7
1.33922E-7
1.32251E-7
1.31599E-7
1.37839E-7
1.35981E-7
1.32058E-7
1.32604E-7
1.35441E-7
1.36794E-7
1.34013E-7
1.34495E-7
1.37787E-7
1.3418E-7
1.36742E-7
1.37589E-7
1.35984E-7
1.38126E-7
1.37792E-7
1.39985E-7