7.2183E-9
2.74951E-8
2.49128E-8
1.81943E-8
1.79798E-8
1.43698E-8
1.2423E-8
1.12391E-8
1.37023E-8
1.19014E-8
1.52593E-8
6.52355E-9
1.20329E-8
1.76102E-8
1.85974E-8
2.3821E-8
3.49908E-8
3.96438E-8
4.43237E-8
4.9733E-8
5.82818E-8
6.25311E-8
6.29369E-8
6.77558E-8
6.61263E-8
6.78503E-8
7.00109E-8
7.08073E-8
7.28831E-8
7.81767E-8
7.44877E-8
7.45523E-8
7.45996E-8
7.57702E-8
7.85178E-8
7.89991E-8
7.09796E-8
6.98896E-8
7.11437E-8
7.17138E-8
7.03346E-8
6.99881E-8
6.72296E-8
6.3713E-8
6.49067E-8
6.55373E-8
6.07966E-8
6.07648E-8
6.4682E-8
5.95733E-8
6.0339E-8
5.4721E-8
6.20798E-8
5.60688E-8
5.50302E-8
5.49048E-8
5.86243E-8
5.16968E-8
5.50894E-8
5.38161E-8
5.45179E-8
5.32678E-8
4.63078E-8
5.44502E-8
5.26197E-8
5.82461E-8
5.09912E-8
5.49056E-8
4.84412E-8
4.80055E-8
5.28075E-8
5.37818E-8
5.21417E-8
5.22068E-8
5.32998E-8
5.28422E-8
5.3624E-8
5.37267E-8
5.54209E-8
5.33146E-8
5.41064E-8
5.59856E-8
5.12284E-8
5.1047E-8
5.08237E-8
5.37423E-8
4.69819E-8
4.9074E-8
4.70384E-8
5.03362E-8
4.85157E-8
4.55977E-8
4.75001E-8
5.03447E-8
4.91687E-8
3.64564E-8
4.82724E-8
4.49631E-8
4.74712E-8
4.97069E-8
4.90476E-8