1.0136E-7
2.44347E-7
7.0192E-7
9.9272E-7
1.17088E-6
1.28645E-6
1.36859E-6
1.43385E-6
1.48729E-6
1.53385E-6
1.57327E-6
1.61264E-6
1.64105E-6
1.67053E-6
1.69783E-6
1.72104E-6
1.74497E-6
1.76441E-6
1.78376E-6
1.80415E-6
1.81807E-6
1.83717E-6
1.848E-6
1.86401E-6
1.87599E-6
1.89239E-6
1.91256E-6
1.91737E-6
1.93167E-6
1.94696E-6
1.95593E-6
1.96767E-6
1.97995E-6
1.98869E-6
2.00068E-6
2.0028E-6
2.02152E-6
2.02825E-6
2.03467E-6
2.04559E-6
2.05355E-6
2.06235E-6
2.07029E-6
2.08349E-6
2.08971E-6
2.09816E-6
2.10761E-6
2.11617E-6
2.12212E-6
2.12919E-6
2.14175E-6
2.15051E-6
2.15579E-6
2.1646E-6
2.16931E-6
2.18137E-6
2.19039E-6
2.19524E-6
2.242E-6
2.21055E-6
2.21719E-6
2.23291E-6
2.22927E-6
2.24173E-6
2.24912E-6
2.25469E-6
2.25976E-6
2.26691E-6
2.2736E-6
2.28908E-6
2.28308E-6
2.29415E-6
2.30573E-6
2.31832E-6
2.3128E-6
2.32175E-6
2.32677E-6
2.33483E-6
2.34293E-6
2.34635E-6
2.35347E-6
2.36735E-6
2.36284E-6
2.37852E-6
2.38115E-6
2.38603E-6
2.39003E-6
2.39385E-6
2.40757E-6
2.40815E-6
2.42033E-6
2.42549E-6
2.42696E-6
2.43309E-6
2.44244E-6
2.44807E-6
2.452E-6
2.46073E-6
2.46925E-6
2.46992E-6
2.48103E-6