3.975E-8
4.41667E-8
2.505E-8
1.22E-8
1.15833E-8
9.7E-9
8.46667E-9
7.76667E-9
9.25E-9
5.4E-9
5.45E-9
3.4E-9
7.6E-9
1.055E-8
1.18E-8
1.35667E-8
2.18667E-8
2.68E-8
3.435E-8
3.95667E-8
5.60167E-8
6.28833E-8
8.25E-8
9.82833E-8
1.06167E-7
1.26433E-7
1.39217E-7
1.45233E-7
1.57317E-7
1.70117E-7
1.8135E-7
1.87317E-7
1.96E-7
2.00267E-7
2.0875E-7
2.22633E-7
2.24417E-7
2.31817E-7
2.3645E-7
2.4245E-7
2.52017E-7
2.56667E-7
2.576E-7
2.61733E-7
2.649E-7
2.68317E-7
2.73383E-7
2.76933E-7
2.796E-7
2.7825E-7
2.84267E-7
2.8885E-7
2.89767E-7
2.91367E-7
2.9475E-7
2.97733E-7
2.98717E-7
3.07133E-7
3.14217E-7
3.03583E-7
3.05667E-7
3.0715E-7
3.12467E-7
3.12233E-7
3.14617E-7
3.171E-7
3.197E-7
3.20517E-7
3.2295E-7
3.238E-7
3.22967E-7
3.31017E-7
3.32417E-7
3.28467E-7
3.30633E-7
3.37383E-7
3.3365E-7
3.37517E-7
3.412E-7
3.381E-7
3.44433E-7
3.48417E-7
3.442E-7
3.43467E-7
3.48117E-7
3.50233E-7
3.50033E-7
3.53083E-7
3.555E-7
3.52233E-7
3.5715E-7
3.59883E-7
3.598E-7
3.60767E-7
3.64533E-7
3.67933E-7
3.64083E-7
3.67133E-7
3.6875E-7
3.6645E-7
3.71817E-7