2.93333E-8
2.68222E-8
1.96111E-8
1.45556E-8
2.00778E-8
3.46778E-8
6.49111E-8
1.27111E-7
2.00111E-7
2.83056E-7
3.51311E-7
4.10222E-7
4.62811E-7
4.99989E-7
5.30122E-7
5.60067E-7
5.77856E-7
5.96111E-7
6.14567E-7
6.31922E-7
6.417E-7
6.541E-7
6.61867E-7
6.71056E-7
6.77356E-7
6.91389E-7
6.97611E-7
7.05689E-7
7.078E-7
7.14711E-7
7.20678E-7
7.291E-7
7.31367E-7
7.36211E-7
7.46244E-7
7.44744E-7
7.54178E-7
7.57856E-7
7.59422E-7
7.64833E-7
7.69622E-7
7.75644E-7
7.75189E-7
7.80644E-7
7.83544E-7
7.87844E-7
7.88389E-7
7.98644E-7
7.99333E-7
8.04711E-7
8.07233E-7
8.07389E-7
8.13067E-7
8.14633E-7
8.15311E-7
8.20567E-7
8.22267E-7
8.22844E-7
8.27889E-7
8.34244E-7
8.32244E-7
8.354E-7
8.38467E-7
8.42367E-7
8.42889E-7
8.44578E-7
8.50356E-7
8.52544E-7
8.53656E-7
8.575E-7
8.55867E-7
8.62911E-7
8.66511E-7
8.65911E-7
8.679E-7
8.68844E-7
8.715E-7
8.75478E-7
8.77556E-7
8.78689E-7
8.80844E-7
8.82044E-7
8.85233E-7
8.85689E-7
8.89233E-7
9.00856E-7
8.92822E-7
8.94033E-7
8.94956E-7
9.00589E-7
9.04833E-7
9.018E-7
9.04489E-7
9.07167E-7
9.08978E-7
9.16044E-7
9.13867E-7
9.11344E-7
9.18378E-7
9.19933E-7
9.26511E-7